iproc, jproc, total, time1(seconds), time2,      time3,        mean,    Speedup,   Efficiency
1,     1,     1,     164.370621      165.746506  165.268692    165      1          1
2,     1,     2,     88.524391       88.859871   91.426018     90       1.833      0.917
1,     3,     3,     35.192554       36.275970   36.156265     36       4.583      1.528
1,     4,     4,     31.508644       30.121599   26.849188     30       5.5        1.375  
2,     2,     4,     53.782352       52.977341   55.168022     54       3.055      0.764
1,     6,     6,     35.370544       36.656654   35.909836     36       4.583      0.764       
2,     3,     6,     39.475674       39.180481   40.579296     40       4.125      0.687
2,     4,     8,     35.510166       45.520317   39.960484     40       4.125      0.515
3,     4,     12,    very
4,     5,     20,    very
6,     6,     36,    slow!!!
